-5.831572410343430768e+00 -5.831566756738522095e+00 -5.831553438912477461e+00 -5.831619632287652344e+00 -5.831490999082147297e+00 -5.831546543708053143e+00 -5.831597020136753073e+00 -5.831328102064792240e+00 -5.831403678614446306e+00 -5.831407938239892452e+00 -5.831082288204529895e+00 -5.830632312094062186e+00 -5.830822271448467653e+00 -5.831066871906080529e+00 -5.829778252214579126e+00 -5.829753507661067147e+00 -5.831153705979112978e+00 -5.827963962471884862e+00 -5.830013908326060701e+00 -5.823955693504383468e+00
-1.033777409593157870e+01 -1.084555823201292846e+01 -1.054969792355454317e+01 -1.148615381729472951e+01 -1.084576100280842503e+01 -1.055795634561594909e+01 -1.066329197577392129e+01 -1.082577062799649248e+01 -1.125798877740620263e+01 -1.100768575952591988e+01 -1.318743390410882377e+01 -1.137409816526934847e+01 -1.175982574608011610e+01 -1.166038816949625812e+01 -1.198981174816862705e+01 -1.153013283952260082e+01 -1.104966875434346463e+01 -1.059006128744549713e+01 -1.017027494880882621e+01 -9.782582651219398073e+00
-1.029980698750999402e+01 -1.077395932808162904e+01 -1.053006747310437063e+01 -1.139189254575283705e+01 -1.087688037843372513e+01 -1.057878172019153595e+01 -1.074738910602899189e+01 -1.079182827334943440e+01 -1.137098297381780476e+01 -1.093676373216057840e+01 -1.177532530585197712e+01 -1.161019749650589183e+01 -1.265009924241751627e+01 -1.272644616259326078e+01 -1.187374691135644156e+01 -1.132605780198693779e+01 -1.097146887548015037e+01 -1.055827881154737469e+01 -1.016100610859357367e+01 -9.778413397757708125e+00
-1.029663564691225019e+01 -1.080975413062841639e+01 -1.053234146010515637e+01 -1.138636457138105484e+01 -1.086989197829170450e+01 -1.057809493540127654e+01 -1.075437422167108004e+01 -1.079654104854120966e+01 -1.141137875145099834e+01 -1.093978371578219999e+01 -1.179370125404602909e+01 -1.163199838248966778e+01 -1.253894879029484954e+01 -1.264156665986776495e+01 -1.189814231171608583e+01 -1.134005110048094878e+01 -1.097130636377058011e+01 -1.055754359014477117e+01 -1.016063324029652826e+01 -9.777594961064895784e+00
-1.029533168729298964e+01 -1.080037888798402967e+01 -1.054035535110708466e+01 -1.141511219738590377e+01 -1.087072180871599514e+01 -1.057677374101894330e+01 -1.075587496438793877e+01 -1.078702433804567562e+01 -1.135022329632099058e+01 -1.092689775530572049e+01 -1.173731644406168328e+01 -1.161124026809169330e+01 -1.266768441721862892e+01 -1.325910809370080656e+01 -1.194099424665371423e+01 -1.135582114279421972e+01 -1.098052042641037751e+01 -1.055878478101534412e+01 -1.015855274034842104e+01 -9.778161629310615055e+00
-1.029653637785627751e+01 -1.081852272122823067e+01 -1.052531887120952270e+01 -1.141168968584140231e+01 -1.088766779809700758e+01 -1.058003387576340693e+01 -1.074046681340801968e+01 -1.078498586328993980e+01 -1.141848605982751508e+01 -1.093520758176331142e+01 -1.171926336770761701e+01 -1.160352821215862029e+01 -1.354634980487915463e+01 -1.232989523891892247e+01 -1.203645454402464487e+01 -1.135838866773691791e+01 -1.096781803592475768e+01 -1.055983698952892524e+01 -1.016010451194837394e+01 -9.778154107441753951e+00
-1.029692212715433008e+01 -1.078316172231279957e+01 -1.053780618555978066e+01 -1.144383034651081665e+01 -1.088720270511642241e+01 -1.057999721174346952e+01 -1.074165411867681641e+01 -1.077544028982985402e+01 -1.135726762353216124e+01 -1.092600225209212716e+01 -1.183309558394933880e+01 -1.171609203488364415e+01 -1.271105566835894152e+01 -1.289616374573399860e+01 -1.213046393627445418e+01 -1.137974857512761950e+01 -1.098608814270620826e+01 -1.056267067166094265e+01 -1.016035972785579844e+01 -9.777560868909189296e+00
-1.029591645980922543e+01 -1.078869286019849660e+01 -1.053439629816185175e+01 -1.129997049294753708e+01 -1.089005690905942458e+01 -1.059182275990736244e+01 -1.075057294472493119e+01 -1.079197757598286778e+01 -1.135591961358550428e+01 -1.093545685634985354e+01 -1.188219280366924124e+01 -1.160921603963191551e+01 -1.239075285152645911e+01 -1.292318130593938008e+01 -1.185359924712103918e+01 -1.134100162500550191e+01 -1.099261844384949782e+01 -1.056459488607107033e+01 -1.016349730175571331e+01 -9.778735990369002096e+00
-1.029595458307122335e+01 -1.079705443117898511e+01 -1.052456956956082479e+01 -1.143053134755476918e+01 -1.090613631309886777e+01 -1.056669830317122027e+01 -1.074349059696080211e+01 -1.078351305063507937e+01 -1.134138241808724423e+01 -1.093006305580385096e+01 -1.175587771273060156e+01 -1.164536428120620215e+01 -1.248905821321745435e+01 -1.241326019252431045e+01 -1.202364073902348096e+01 -1.132114151482453757e+01 -1.098686399427010940e+01 -1.055354094351259064e+01 -1.016282335426821604e+01 -9.777857965086813152e+00
-1.030019950402583184e+01 -1.080407893728303570e+01 -1.052554520771761837e+01 -1.144641032131747949e+01 -1.091614447379028441e+01 -1.057271511304601930e+01 -1.073788298681087205e+01 -1.078332564016192840e+01 -1.139308291619959945e+01 -1.092844071772723957e+01 -1.185174460594558532e+01 -1.171797694199123541e+01 -1.299269429652315289e+01 -1.333341348841596741e+01 -1.219613208158053830e+01 -1.132964796553100939e+01 -1.098869225002690087e+01 -1.056073390160304193e+01 -1.016356334869849043e+01 -9.777857386881320778e+00
-1.029233260976765685e+01 -1.077461882293530415e+01 -1.053997068370859580e+01 -1.141937162667382033e+01 -1.091496153118598578e+01 -1.056836377359330115e+01 -1.074302607943207732e+01 -1.079633586529019418e+01 -1.132719318630215533e+01 -1.091805668564996168e+01 -1.192756651560229919e+01 -1.167036213059752292e+01 -1.239732324132110008e+01 -1.335036371710653391e+01 -1.190903210105445531e+01 -1.138765757022526515e+01 -1.095587718817743728e+01 -1.055905021444586644e+01 -1.015853884817068575e+01 -9.777656796040337994e+00
-1.029913629792349816e+01 -1.079848301282435585e+01 -1.054147784974672142e+01 -1.137790296499000853e+01 -1.087796024772625714e+01 -1.057734363955029089e+01 -1.072894972342104580e+01 -1.077391348741429589e+01 -1.136488585476250712e+01 -1.091662969685273055e+01 -1.177503797902581617e+01 -1.165534404215606301e+01 -1.250495711972092927e+01 -1.269071709332578024e+01 -1.206227250946852259e+01 -1.138393010016946860e+01 -1.098903061738480602e+01 -1.055855789421732815e+01 -1.015852495643731679e+01 -9.777755634703240162e+00
-1.029923808381768247e+01 -1.078565644313815319e+01 -1.053429398503179470e+01 -1.143423726610768476e+01 -1.091614844882570168e+01 -1.056974910122554689e+01 -1.075391433790171369e+01 -1.079401920536167125e+01 -1.134760682956651578e+01 -1.094400998735458153e+01 -1.172296728608442429e+01 -1.164956101644466990e+01 -1.270149418434197131e+01 -1.252097992686728567e+01 -1.204717840941641782e+01 -1.134331266609873978e+01 -1.096340801252313035e+01 -1.056074442327976293e+01 -1.016136251788573119e+01 -9.777763727753802314e+00
-1.030591756979459461e+01 -1.077877654858521694e+01 -1.053373663693486151e+01 -1.141067065233766797e+01 -1.091490999958224783e+01 -1.058516052988809442e+01 -1.073864040909919204e+01 -1.078605103949008104e+01 -1.139277310587204539e+01 -1.093456843112174148e+01 -1.171453999807835622e+01 -1.167305645633362765e+01 -1.317861543906163391e+01 -1.242708875920988376e+01 -1.210284235105774009e+01 -1.138753986567352428e+01 -1.096696818806552010e+01 -1.056422703771035998e+01 -1.015848467292318702e+01 -9.777548157264924100e+00
-1.029829411933141259e+01 -1.078432218599134984e+01 -1.053644763883464641e+01 -1.134259047027621214e+01 -1.090932157073957143e+01 -1.057699578506382743e+01 -1.075475783049528822e+01 -1.078404644159138570e+01 -1.142541616692928130e+01 -1.093690547726262707e+01 -1.184004550298513969e+01 -1.162340550360491953e+01 -1.334606373661380907e+01 -1.302160894826780435e+01 -1.184690505053516141e+01 -1.135488132396683447e+01 -1.096626273675802743e+01 -1.055723036687758665e+01 -1.015820279289907369e+01 -9.778165100986335290e+00
-1.029587262219468791e+01 -1.080087244257676815e+01 -1.054360682271972394e+01 -1.143394905522558425e+01 -1.089842842707125570e+01 -1.058803420994977174e+01 -1.075055937001048179e+01 -1.078497410796825662e+01 -1.136595956816707087e+01 -1.092811370720266595e+01 -1.185983921771349969e+01 -1.175752986213079510e+01 -1.242863842894299076e+01 -1.286503788730454900e+01 -1.197768981920806475e+01 -1.131962910013036527e+01 -1.095913886083086375e+01 -1.056611556256005358e+01 -1.016068070386924482e+01 -9.778471875223925025e+00
-1.029133184377956134e+01 -1.079481209740375469e+01 -1.053868535819381691e+01 -1.137997982885081605e+01 -1.088926779589398919e+01 -1.057857155101974023e+01 -1.074502650338657084e+01 -1.078535043617347533e+01 -1.142922098366736705e+01 -1.092505178446342917e+01 -1.183080344157563069e+01 -1.160348951015958363e+01 -1.264966860829011175e+01 -1.377274618224623026e+01 -1.206238382421522992e+01 -1.134659891164382906e+01 -1.097125220671155965e+01 -1.055649691676043567e+01 -1.015954579218789178e+01 -9.778397766501445432e+00
-1.029194335877669353e+01 -1.077554955281407345e+01 -1.054089780908805096e+01 -1.137375599453291919e+01 -1.091588220186285696e+01 -1.057025069535689354e+01 -1.075599590792129767e+01 -1.079436141299314400e+01 -1.138095244140619577e+01 -1.092555519197339287e+01 -1.186937056914606181e+01 -1.161861062785065002e+01 -1.305258687884027324e+01 -1.300813750517793110e+01 -1.186716331315471784e+01 -1.132673253755274878e+01 -1.096607540435733696e+01 -1.056201239624572175e+01 -1.016222049647029202e+01 -9.777820383330904974e+00
-1.029786311101284291e+01 -1.079896227620905513e+01 -1.053653719195349936e+01 -1.128386163557714106e+01 -1.088515849121556123e+01 -1.056703978280076939e+01 -1.074741336309584128e+01 -1.078921484882131487e+01 -1.136339155464725259e+01 -1.092788494625350637e+01 -1.186780297456437872e+01 -1.164502347429722917e+01 -1.256048846815095921e+01 -1.309365314949091008e+01 -1.214516474139396962e+01 -1.136272412792621544e+01 -1.095571169786414956e+01 -1.055800687850762110e+01 -1.016091530592754744e+01 -9.777831946601729385e+00
-1.029351952036514284e+01 -1.078723107603306275e+01 -1.051685188768658819e+01 -1.137105095093665064e+01 -1.088432649856930823e+01 -1.056867798943793346e+01 -1.074161422353886586e+01 -1.078878772056733304e+01 -1.132987462742503304e+01 -1.092666963378520073e+01 -1.169897961178326540e+01 -1.165271372491784874e+01 -1.295633043176730403e+01 -1.389389192983739107e+01 -1.183718588577466058e+01 -1.135272525536541011e+01 -1.095424247350563896e+01 -1.055797899756441716e+01 -1.016317423807801390e+01 -9.778124599829604691e+00
